#          omega_b,        omega_cdm,                h,     ln10^{10}A_s,              n_s,         tau_reio,           f_NEDE,        log10mass,    three_eos_NEDE,        A_cib_217,        xi_sz_cib,             A_sz,     ps_A_100_100,     ps_A_143_143,     ps_A_143_217,     ps_A_217_217,         ksz_norm,     gal545_A_100,     gal545_A_143, gal545_A_143_217,     gal545_A_217,    galf_TE_A_100, galf_TE_A_100_143, galf_TE_A_100_217,    galf_TE_A_143, galf_TE_A_143_217,    galf_TE_A_217,       calib_100T,       calib_217T,         A_planck,                M,              YHe,           sigma8,             rs_d,          z_decay
 6.932595e-08	 2.472353e-07	 1.458964e-06	 1.066528e-06	 1.163608e-06	 3.010939e-07	 4.142232e-06	 1.874771e-05	 8.891460e-06	-6.038533e-06	 5.285461e-06	-3.690541e-05	-1.731565e-04	-1.120199e-04	-2.250110e-04	-1.868818e-04	 1.978779e-05	 7.635276e-06	 1.072281e-05	-2.678404e-05	-6.039458e-05	-2.312112e-07	-2.648294e-07	 1.188178e-07	-2.887737e-07	-1.876392e-06	-8.441826e-06	-1.161114e-09	-4.970130e-09	 5.167592e-08	 4.120641e-06	 2.987852e-08	 8.027892e-07	-1.981189e-04	 9.424294e-02	
 2.472353e-07	 1.008402e-05	 2.384531e-05	 1.265523e-05	 1.646735e-05	-9.955840e-07	 9.462798e-05	 8.874470e-05	-7.345136e-05	 2.298295e-03	-5.258521e-05	-5.115574e-04	 4.317973e-03	 2.118059e-03	-9.630164e-04	-3.510016e-03	 4.341249e-04	 3.942515e-04	 6.838939e-04	 6.853652e-04	 4.846838e-04	-4.115443e-06	-7.478847e-06	-1.507166e-05	 8.917082e-06	 3.895045e-06	 2.419795e-05	-2.383109e-07	 1.585659e-07	-4.811760e-07	 7.306135e-05	 1.083185e-07	 2.607243e-05	-4.917883e-03	 2.392800e-01	
 1.458964e-06	 2.384531e-05	 1.093752e-04	 5.956216e-05	 6.341546e-05	 8.924394e-06	 2.989584e-04	 4.084869e-05	 2.889586e-05	 3.821778e-03	-5.099676e-05	-1.420386e-03	 1.056516e-02	 2.561182e-03	-5.831923e-03	-9.154453e-03	 1.284446e-03	-1.492098e-04	 1.907971e-03	 2.876119e-03	 3.841747e-03	-2.578163e-05	-1.821910e-05	-6.998815e-05	 2.637998e-05	 4.368094e-06	 5.605406e-05	-3.322140e-07	 9.769734e-08	 1.733855e-06	 3.153207e-04	 6.312641e-07	 6.950315e-05	-1.430955e-02	-8.332086e-01	
 1.066528e-06	 1.265523e-05	 5.956216e-05	 2.187583e-04	 5.006891e-05	 9.751361e-05	 1.645565e-04	 2.830059e-04	-6.441018e-05	-2.764891e-03	 7.072994e-05	-1.357711e-03	-7.390853e-03	-6.172795e-03	-5.628663e-03	-3.798827e-03	-3.417506e-04	 8.270652e-04	 1.427705e-03	 1.494626e-03	 4.789173e-03	-2.900967e-05	-3.833572e-05	 1.132129e-05	-4.087046e-06	-3.774778e-05	-3.813529e-05	-1.031691e-06	-6.624246e-07	 4.024543e-06	 1.695146e-04	 4.485893e-07	 1.195611e-04	-7.839344e-03	 9.100962e-01	
 1.163608e-06	 1.646735e-05	 6.341546e-05	 5.006891e-05	 5.194552e-05	 1.196007e-05	 1.915931e-04	 3.955787e-04	-1.854999e-04	-7.921354e-04	 3.052604e-05	-1.961603e-04	-1.171836e-02	-6.715383e-04	-2.268965e-04	 8.316119e-04	-1.811812e-03	 1.493582e-04	 9.066700e-04	 1.490491e-03	 2.493773e-03	-1.657013e-05	-1.735923e-05	-1.403416e-05	 1.480489e-05	-5.128083e-06	 6.779903e-05	-3.276147e-07	-1.493588e-07	 1.642713e-06	 1.854096e-04	 4.989945e-07	 5.485558e-05	-9.486668e-03	 1.581219e+00	
 3.010939e-07	-9.955840e-07	 8.924394e-06	 9.751361e-05	 1.196007e-05	 5.470894e-05	 7.143949e-06	 1.253939e-04	-6.113151e-05	-1.784342e-03	-9.987352e-06	 1.991587e-04	-6.979149e-03	-5.147609e-03	-3.047595e-03	-2.021365e-03	-6.336042e-04	 3.709374e-04	 4.705772e-04	 4.614444e-04	 5.522052e-04	-4.084906e-06	-1.402503e-05	 1.085745e-05	 3.017423e-06	-3.407584e-05	-9.429106e-05	-4.605695e-07	-3.493981e-07	-3.441896e-06	 2.230357e-05	 1.217615e-07	 3.986429e-05	-1.571437e-04	 5.778940e-01	
 4.142232e-06	 9.462798e-05	 2.989584e-04	 1.645565e-04	 1.915931e-04	 7.143949e-06	 1.016082e-03	 7.076142e-04	 8.076773e-05	 2.074225e-02	-3.728465e-04	-6.403122e-03	 5.143764e-02	 1.692283e-02	-1.889311e-02	-3.888749e-02	 6.376331e-03	 2.394258e-03	 6.965814e-03	 6.565664e-03	 6.012706e-03	-5.495763e-05	-7.070322e-05	-1.737229e-04	 9.156994e-05	 5.496100e-06	 1.474885e-04	-1.952812e-06	 9.490383e-07	 1.392055e-06	 8.873049e-04	 1.802565e-06	 2.563156e-04	-5.041600e-02	 9.668786e-01	
 1.874771e-05	 8.874470e-05	 4.084869e-05	 2.830059e-04	 3.955787e-04	 1.253939e-04	 7.076142e-04	 2.238012e-02	-1.498681e-02	 2.928161e-02	 1.268038e-03	 1.230383e-02	-1.028145e-01	 2.185413e-02	 6.303133e-02	 2.566638e-02	-2.806149e-02	 4.275813e-03	 6.521306e-03	 1.787347e-03	-2.362053e-02	 1.234258e-04	-1.704520e-04	 1.057197e-03	-5.765665e-04	-2.902209e-04	-9.324062e-04	-1.927908e-06	 3.109574e-06	 3.501306e-06	 2.011161e-04	 7.921604e-06	 2.696789e-04	-4.726003e-02	 1.246801e+02	
 8.891460e-06	-7.345136e-05	 2.889586e-05	-6.441018e-05	-1.854999e-04	-6.113151e-05	 8.076773e-05	-1.498681e-02	 3.072569e-02	-6.277278e-03	 7.395039e-04	-4.909069e-02	 2.112774e-01	-2.417070e-02	-1.976669e-01	-1.536264e-01	 6.114469e-02	 2.369667e-03	-8.846000e-03	-5.110110e-02	-5.889986e-02	-1.722271e-05	 1.281810e-04	-3.892613e-04	 4.412132e-04	-8.539630e-04	-4.303278e-03	 2.494736e-07	-7.548675e-06	 4.083890e-05	-2.582324e-05	 3.974236e-06	-1.694400e-04	 2.011769e-02	-8.038064e+01	
-6.038533e-06	 2.298295e-03	 3.821778e-03	-2.764891e-03	-7.921354e-04	-1.784342e-03	 2.074225e-02	 2.928161e-02	-6.277278e-03	 4.383391e+01	-4.218163e-01	-1.068748e+00	 4.042401e+01	 4.424970e-01	-1.618967e+01	-5.746057e+01	 9.615133e-01	 7.844138e-02	 2.602690e-01	-5.933415e+00	-3.203290e+01	-8.236777e-04	 2.308958e-03	 1.128263e-02	 3.617689e-03	 2.924672e-02	 1.077168e-01	-1.457183e-04	 6.590511e-04	-5.587305e-04	 1.100153e-02	 7.898534e-07	 2.130104e-03	-9.949680e-01	 1.093536e+02	
 5.285461e-06	-5.258521e-05	-5.099676e-05	 7.072994e-05	 3.052604e-05	-9.987352e-06	-3.728465e-04	 1.268038e-03	 7.395039e-04	-4.218163e-01	 8.082192e-02	-4.732579e-02	-5.705917e-01	 9.694695e-01	 1.725300e+00	 7.802199e-01	 4.501644e-02	 9.709082e-03	 1.717869e-02	 7.208869e-02	 1.110151e-01	-5.124923e-06	 3.820332e-06	 3.549070e-04	 8.724066e-05	 6.910261e-04	-1.286331e-03	 1.885498e-05	-2.633655e-06	 6.439669e-05	-1.356366e-04	 2.262655e-06	-8.046567e-05	 1.826343e-02	 7.625180e+00	
-3.690541e-05	-5.115574e-04	-1.420386e-03	-1.357711e-03	-1.961603e-04	 1.991587e-04	-6.403122e-03	 1.230383e-02	-4.909069e-02	-1.068748e+00	-4.732579e-02	 3.899670e+00	-2.994697e+01	-2.851261e+00	 8.380687e+00	 6.448864e+00	-3.237664e+00	-1.883494e-01	 2.541966e-01	 2.945586e+00	 3.730400e+00	-3.041887e-03	 3.715238e-04	-8.720664e-03	 1.363573e-03	-2.859144e-03	 1.085914e-02	 5.848161e-05	 1.595695e-05	-4.686556e-04	-3.598772e-03	-1.670616e-05	-1.462105e-03	 2.785977e-01	 9.596885e+01	
-1.731565e-04	 4.317973e-03	 1.056516e-02	-7.390853e-03	-1.171836e-02	-6.979149e-03	 5.143764e-02	-1.028145e-01	 2.112774e-01	 4.042401e+01	-5.705917e-01	-2.994697e+01	 7.341371e+02	 6.103733e+01	-5.924522e+01	-7.198348e+01	 1.703893e+01	-4.939572e+00	 4.262634e+00	-1.393207e+01	-2.803268e+01	 2.690836e-02	 1.853999e-03	 5.404457e-04	-4.001142e-03	-4.801309e-02	-2.483261e-01	 3.165117e-03	 5.626881e-04	 2.699844e-03	 2.471114e-02	-7.145919e-05	 1.038673e-03	-1.957287e+00	-7.691741e+02	
-1.120199e-04	 2.118059e-03	 2.561182e-03	-6.172795e-03	-6.715383e-04	-5.147609e-03	 1.692283e-02	 2.185413e-02	-2.417070e-02	 4.424970e-01	 9.694695e-01	-2.851261e+00	 6.103733e+01	 5.781974e+01	 4.080971e+01	 1.591426e+01	-4.591141e+00	 6.194130e-01	-1.338865e+00	 3.210544e+00	 4.911543e+00	 1.781765e-02	 7.024526e-03	-3.026283e-02	 6.156096e-03	 2.715554e-02	-1.424369e-02	 3.879692e-04	 1.395809e-04	 3.684621e-04	 8.986170e-03	-4.881420e-05	 1.140625e-03	-8.008849e-01	 1.477812e+01	
-2.250110e-04	-9.630164e-04	-5.831923e-03	-5.628663e-03	-2.268965e-04	-3.047595e-03	-1.889311e-02	 6.303133e-02	-1.976669e-01	-1.618967e+01	 1.725300e+00	 8.380687e+00	-5.924522e+01	 4.080971e+01	 9.050668e+01	 6.208685e+01	-1.361734e+01	 1.583113e-01	-8.644990e-02	 5.985065e+00	 1.099842e+01	-1.379497e-03	 1.055675e-03	-3.079132e-02	 9.628222e-03	 1.809192e-02	-5.545415e-03	 5.885658e-04	-2.591094e-04	 3.402953e-04	-1.292372e-02	-1.014049e-04	-3.380131e-03	 7.742996e-01	 4.141634e+02	
-1.868818e-04	-3.510016e-03	-9.154453e-03	-3.798827e-03	 8.316119e-04	-2.021365e-03	-3.888749e-02	 2.566638e-02	-1.536264e-01	-5.746057e+01	 7.802199e-01	 6.448864e+00	-7.198348e+01	 1.591426e+01	 6.208685e+01	 1.130542e+02	-1.197652e+01	-8.086954e-02	-4.603056e-01	 6.856073e+00	 3.504798e+01	-3.780034e-03	 1.558774e-03	-1.053042e-02	 6.356046e-03	-3.887987e-02	-1.065908e-01	 5.347037e-04	-1.332002e-03	 1.702275e-03	-2.367610e-02	-8.857112e-05	-6.374834e-03	 1.808794e+00	 2.690420e+02	
 1.978779e-05	 4.341249e-04	 1.284446e-03	-3.417506e-04	-1.811812e-03	-6.336042e-04	 6.376331e-03	-2.806149e-02	 6.114469e-02	 9.615133e-01	 4.501644e-02	-3.237664e+00	 1.703893e+01	-4.591141e+00	-1.361734e+01	-1.197652e+01	 6.814254e+00	 8.938951e-02	-2.763680e-01	-2.867217e+00	-3.606342e+00	 3.829651e-03	 3.663167e-04	 4.006881e-03	 5.835592e-04	 4.798545e-03	 2.398800e-03	-1.047965e-04	 7.505595e-05	 3.528478e-04	 3.297637e-03	 9.504444e-06	 6.218301e-05	-2.393760e-01	-1.895081e+02	
 7.635276e-06	 3.942515e-04	-1.492098e-04	 8.270652e-04	 1.493582e-04	 3.709374e-04	 2.394258e-03	 4.275813e-03	 2.369667e-03	 7.844138e-02	 9.709082e-03	-1.883494e-01	-4.939572e+00	 6.194130e-01	 1.583113e-01	-8.086954e-02	 8.938951e-02	 3.286919e+00	 5.204034e-01	 1.880685e-01	 1.722249e-01	 3.717576e-03	 5.419220e-04	 1.379639e-03	-2.335700e-03	-1.125948e-03	-7.730370e-03	 1.877633e-04	-3.650751e-05	-2.071007e-04	-4.417869e-05	 4.089779e-06	 1.253685e-03	-1.499726e-01	 1.504966e+01	
 1.072281e-05	 6.838939e-04	 1.907971e-03	 1.427705e-03	 9.066700e-04	 4.705772e-04	 6.965814e-03	 6.521306e-03	-8.846000e-03	 2.602690e-01	 1.717869e-02	 2.541966e-01	 4.262634e+00	-1.338865e+00	-8.644990e-02	-4.603056e-01	-2.763680e-01	 5.204034e-01	 3.186426e+00	 2.658729e+00	 2.800102e+00	-2.744795e-03	-1.513135e-03	 3.354336e-04	-2.184541e-03	-4.515406e-03	-2.570616e-02	-2.227639e-04	-5.774799e-05	 2.265625e-06	 5.514815e-03	 5.479154e-06	 1.861739e-03	-3.439742e-01	 2.018742e+01	
-2.678404e-05	 6.853652e-04	 2.876119e-03	 1.494626e-03	 1.490491e-03	 4.614444e-04	 6.565664e-03	 1.787347e-03	-5.110110e-02	-5.933415e+00	 7.208869e-02	 2.945586e+00	-1.393207e+01	 3.210544e+00	 5.985065e+00	 6.856073e+00	-2.867217e+00	 1.880685e-01	 2.658729e+00	 1.091302e+01	 1.972099e+01	 4.635761e-05	 6.185191e-04	-1.992772e-02	-2.813641e-03	-8.313093e-03	-9.085844e-03	-1.392931e-05	 4.347987e-04	-9.675195e-05	 8.058794e-03	-1.195429e-05	 2.083127e-03	-3.513274e-01	-3.287773e+01	
-6.039458e-05	 4.846838e-04	 3.841747e-03	 4.789173e-03	 2.493773e-03	 5.522052e-04	 6.012706e-03	-2.362053e-02	-5.889986e-02	-3.203290e+01	 1.110151e-01	 3.730400e+00	-2.803268e+01	 4.911543e+00	 1.099842e+01	 3.504798e+01	-3.606342e+00	 1.722249e-01	 2.800102e+00	 1.972099e+01	 5.315317e+01	 4.104596e-03	-1.634553e-03	-4.897344e-02	-6.477001e-03	-1.525934e-02	-4.075061e-02	 1.256309e-06	 9.627125e-04	 1.309526e-03	 9.682114e-03	-2.762261e-05	 3.668158e-03	-3.023151e-01	-2.010574e+02	
-2.312112e-07	-4.115443e-06	-2.578163e-05	-2.900967e-05	-1.657013e-05	-4.084906e-06	-5.495763e-05	 1.234258e-04	-1.722271e-05	-8.236777e-04	-5.124923e-06	-3.041887e-03	 2.690836e-02	 1.781765e-02	-1.379497e-03	-3.780034e-03	 3.829651e-03	 3.717576e-03	-2.744795e-03	 4.635761e-05	 4.104596e-03	 1.350689e-03	 2.625431e-04	 5.684683e-05	-3.249515e-04	-6.334242e-05	-4.148167e-04	 1.752499e-06	 1.410657e-06	-6.915106e-06	-7.758308e-05	-1.097189e-07	-2.147844e-05	 2.719679e-03	 8.578183e-01	
-2.648294e-07	-7.478847e-06	-1.821910e-05	-3.833572e-05	-1.735923e-05	-1.402503e-05	-7.070322e-05	-1.704520e-04	 1.281810e-04	 2.308958e-03	 3.820332e-06	 3.715238e-04	 1.853999e-03	 7.024526e-03	 1.055675e-03	 1.558774e-03	 3.663167e-04	 5.419220e-04	-1.513135e-03	 6.185191e-04	-1.634553e-03	 2.625431e-04	 8.709141e-04	 1.700510e-04	 7.076248e-04	 9.739131e-05	-6.314666e-04	 2.017766e-06	 3.183470e-07	-2.696246e-07	-5.025099e-05	-1.288517e-07	-3.125109e-05	 3.705510e-03	-9.514396e-01	
 1.188178e-07	-1.507166e-05	-6.998815e-05	 1.132129e-05	-1.403416e-05	 1.085745e-05	-1.737229e-04	 1.057197e-03	-3.892613e-04	 1.128263e-02	 3.549070e-04	-8.720664e-03	 5.404457e-04	-3.026283e-02	-3.079132e-02	-1.053042e-02	 4.006881e-03	 1.379639e-03	 3.354336e-04	-1.992772e-02	-4.897344e-02	 5.684683e-05	 1.700510e-04	 7.506233e-03	-1.617872e-04	 7.779589e-04	 5.173649e-03	 3.104760e-06	-3.795300e-07	 8.112536e-06	-1.998615e-04	 5.284654e-08	-1.897496e-05	 8.194615e-03	 6.864867e+00	
-2.887737e-07	 8.917082e-06	 2.637998e-05	-4.087046e-06	 1.480489e-05	 3.017423e-06	 9.156994e-05	-5.765665e-04	 4.412132e-04	 3.617689e-03	 8.724066e-05	 1.363573e-03	-4.001142e-03	 6.156096e-03	 9.628222e-03	 6.356046e-03	 5.835592e-04	-2.335700e-03	-2.184541e-03	-2.813641e-03	-6.477001e-03	-3.249515e-04	 7.076248e-04	-1.617872e-04	 2.885351e-03	 7.223721e-04	-7.008569e-04	 1.996398e-06	 8.052137e-07	-1.175686e-05	 7.859904e-05	-1.110527e-07	 1.960770e-05	-4.133199e-03	-3.938963e+00	
-1.876392e-06	 3.895045e-06	 4.368094e-06	-3.774778e-05	-5.128083e-06	-3.407584e-05	 5.496100e-06	-2.902209e-04	-8.539630e-04	 2.924672e-02	 6.910261e-04	-2.859144e-03	-4.801309e-02	 2.715554e-02	 1.809192e-02	-3.887987e-02	 4.798545e-03	-1.125948e-03	-4.515406e-03	-8.313093e-03	-1.525934e-02	-6.334242e-05	 9.739131e-05	 7.779589e-04	 7.223721e-04	 7.012054e-03	 9.381282e-03	-2.812390e-06	 1.727511e-06	 1.146747e-05	 3.948556e-06	-7.449572e-07	-6.591027e-06	-3.708798e-04	-2.049637e+00	
-8.441826e-06	 2.419795e-05	 5.605406e-05	-3.813529e-05	 6.779903e-05	-9.429106e-05	 1.474885e-04	-9.324062e-04	-4.303278e-03	 1.077168e-01	-1.286331e-03	 1.085914e-02	-2.483261e-01	-1.424369e-02	-5.545415e-03	-1.065908e-01	 2.398800e-03	-7.730370e-03	-2.570616e-02	-9.085844e-03	-4.075061e-02	-4.148167e-04	-6.314666e-04	 5.173649e-03	-7.008569e-04	 9.381282e-03	 7.485320e-02	-1.746536e-06	 4.507160e-07	 7.420038e-05	 2.043372e-04	-3.742487e-06	 5.658353e-05	-6.532828e-03	-6.753006e+00	
-1.161114e-09	-2.383109e-07	-3.322140e-07	-1.031691e-06	-3.276147e-07	-4.605695e-07	-1.952812e-06	-1.927908e-06	 2.494736e-07	-1.457183e-04	 1.885498e-05	 5.848161e-05	 3.165117e-03	 3.879692e-04	 5.885658e-04	 5.347037e-04	-1.047965e-04	 1.877633e-04	-2.227639e-04	-1.392931e-05	 1.256309e-06	 1.752499e-06	 2.017766e-06	 3.104760e-06	 1.996398e-06	-2.812390e-06	-1.746536e-06	 3.783535e-07	 2.054024e-08	 3.485076e-08	-1.009657e-06	-6.441015e-10	-9.598017e-07	 1.048014e-04	-7.959353e-03	
-4.970130e-09	 1.585659e-07	 9.769734e-08	-6.624246e-07	-1.493588e-07	-3.493981e-07	 9.490383e-07	 3.109574e-06	-7.548675e-06	 6.590511e-04	-2.633655e-06	 1.595695e-05	 5.626881e-04	 1.395809e-04	-2.591094e-04	-1.332002e-03	 7.505595e-05	-3.650751e-05	-5.774799e-05	 4.347987e-04	 9.627125e-04	 1.410657e-06	 3.183470e-07	-3.795300e-07	 8.052137e-07	 1.727511e-06	 4.507160e-07	 2.054024e-08	 3.690500e-07	-1.365690e-07	 3.322530e-07	-2.085030e-09	-2.103920e-09	-5.936952e-05	 1.058143e-02	
 5.167592e-08	-4.811760e-07	 1.733855e-06	 4.024543e-06	 1.642713e-06	-3.441896e-06	 1.392055e-06	 3.501306e-06	 4.083890e-05	-5.587305e-04	 6.439669e-05	-4.686556e-04	 2.699844e-03	 3.684621e-04	 3.402953e-04	 1.702275e-03	 3.528478e-04	-2.071007e-04	 2.265625e-06	-9.675195e-05	 1.309526e-03	-6.915106e-06	-2.696246e-07	 8.112536e-06	-1.175686e-05	 1.146747e-05	 7.420038e-05	 3.485076e-08	-1.365690e-07	 5.994324e-06	 4.071159e-06	 2.284167e-08	 6.668958e-07	 6.594084e-05	 2.558424e-02	
 4.120641e-06	 7.306135e-05	 3.153207e-04	 1.695146e-04	 1.854096e-04	 2.230357e-05	 8.873049e-04	 2.011161e-04	-2.582324e-05	 1.100153e-02	-1.356366e-04	-3.598772e-03	 2.471114e-02	 8.986170e-03	-1.292372e-02	-2.367610e-02	 3.297637e-03	-4.417869e-05	 5.514815e-03	 8.058794e-03	 9.682114e-03	-7.758308e-05	-5.025099e-05	-1.998615e-04	 7.859904e-05	 3.948556e-06	 2.043372e-04	-1.009657e-06	 3.322530e-07	 4.071159e-06	 9.315593e-04	 1.781195e-06	 2.090881e-04	-4.284284e-02	-1.945574e+00	
 2.987852e-08	 1.083185e-07	 6.312641e-07	 4.485893e-07	 4.989945e-07	 1.217615e-07	 1.802565e-06	 7.921604e-06	 3.974236e-06	 7.898534e-07	 2.262655e-06	-1.670616e-05	-7.145919e-05	-4.881420e-05	-1.014049e-04	-8.857112e-05	 9.504444e-06	 4.089779e-06	 5.479154e-06	-1.195429e-05	-2.762261e-05	-1.097189e-07	-1.288517e-07	 5.284654e-08	-1.110527e-07	-7.449572e-07	-3.742487e-06	-6.441015e-10	-2.085030e-09	 2.284167e-08	 1.781195e-06	 1.292856e-08	 3.442235e-07	-8.614873e-05	 3.978744e-02	
 8.027892e-07	 2.607243e-05	 6.950315e-05	 1.195611e-04	 5.485558e-05	 3.986429e-05	 2.563156e-04	 2.696789e-04	-1.694400e-04	 2.130104e-03	-8.046567e-05	-1.462105e-03	 1.038673e-03	 1.140625e-03	-3.380131e-03	-6.374834e-03	 6.218301e-05	 1.253685e-03	 1.861739e-03	 2.083127e-03	 3.668158e-03	-2.147844e-05	-3.125109e-05	-1.897496e-05	 1.960770e-05	-6.591027e-06	 5.658353e-05	-9.598017e-07	-2.103920e-09	 6.668958e-07	 2.090881e-04	 3.442235e-07	 1.064881e-04	-1.311176e-02	 7.202196e-01	
-1.981189e-04	-4.917883e-03	-1.430955e-02	-7.839344e-03	-9.486668e-03	-1.571437e-04	-5.041600e-02	-4.726003e-02	 2.011769e-02	-9.949680e-01	 1.826343e-02	 2.785977e-01	-1.957287e+00	-8.008849e-01	 7.742996e-01	 1.808794e+00	-2.393760e-01	-1.499726e-01	-3.439742e-01	-3.513274e-01	-3.023151e-01	 2.719679e-03	 3.705510e-03	 8.194615e-03	-4.133199e-03	-3.708798e-04	-6.532828e-03	 1.048014e-04	-5.936952e-05	 6.594084e-05	-4.284284e-02	-8.614873e-05	-1.311176e-02	 2.558830e+00	-1.177671e+02	
 9.424294e-02	 2.392800e-01	-8.332086e-01	 9.100962e-01	 1.581219e+00	 5.778940e-01	 9.668786e-01	 1.246801e+02	-8.038064e+01	 1.093536e+02	 7.625180e+00	 9.596885e+01	-7.691741e+02	 1.477812e+01	 4.141634e+02	 2.690420e+02	-1.895081e+02	 1.504966e+01	 2.018742e+01	-3.287773e+01	-2.010574e+02	 8.578183e-01	-9.514396e-01	 6.864867e+00	-3.938963e+00	-2.049637e+00	-6.753006e+00	-7.959353e-03	 1.058143e-02	 2.558424e-02	-1.945574e+00	 3.978744e-02	 7.202196e-01	-1.177671e+02	 7.156420e+05	
