#          omega_b,        omega_cdm,                h,     ln10^{10}A_s,              n_s,         tau_reio,         frac_EDE,        log10mass,        A_cib_217,        xi_sz_cib,             A_sz,     ps_A_100_100,     ps_A_143_143,     ps_A_143_217,     ps_A_217_217,         ksz_norm,     gal545_A_100,     gal545_A_143, gal545_A_143_217,     gal545_A_217,    galf_TE_A_100, galf_TE_A_100_143, galf_TE_A_100_217,    galf_TE_A_143, galf_TE_A_143_217,    galf_TE_A_217,       calib_100T,       calib_217T,         A_planck,                M,              YHe,           sigma8,             rs_d,          z_decay
 3.678407e-08	 1.478777e-07	 6.505796e-07	 2.178186e-07	 5.654242e-07	-1.251146e-09	 1.909812e-06	 1.270344e-05	-5.409856e-05	-4.228413e-06	 2.924632e-05	-9.396259e-06	-1.528481e-04	-5.987459e-05	 1.131197e-04	-3.511055e-05	-5.268543e-06	 3.922889e-06	 3.089867e-05	 8.942646e-05	 6.439994e-07	 5.163002e-07	 3.859396e-07	 6.628988e-10	 3.529035e-08	-6.234970e-06	-1.805324e-09	 3.189624e-09	 4.207724e-08	 1.889648e-06	 1.669288e-08	 2.770746e-07	-1.022093e-04	 7.578421e-02	
 1.478777e-07	 1.102392e-05	 2.469749e-05	 4.944185e-06	 1.759657e-05	-2.190659e-06	 9.114596e-05	 3.022261e-05	 7.151821e-04	-5.055938e-05	 1.539926e-04	 1.682088e-03	-1.412394e-04	 8.436518e-04	-7.109186e-04	 4.262377e-04	 3.845447e-05	 6.031686e-04	 1.272409e-04	-2.347050e-04	-2.606513e-07	-4.985741e-06	 9.394837e-06	 5.213054e-06	 4.727055e-05	 1.393680e-04	-1.454380e-07	 1.328687e-07	-3.194090e-06	 7.258427e-05	 6.639051e-08	 2.559379e-05	-5.013497e-03	-1.253934e-02	
 6.505796e-07	 2.469749e-05	 9.391664e-05	 2.966455e-05	 5.819081e-05	 7.589965e-06	 2.508962e-04	-1.443071e-05	-2.798017e-04	-1.637013e-04	 1.635727e-04	 2.021845e-02	 3.791432e-03	 2.073768e-03	 2.158518e-04	 1.445376e-03	 5.826680e-04	 2.132870e-03	 1.111244e-03	 1.553819e-03	-4.740453e-07	-4.901433e-06	-2.628188e-06	 3.783020e-05	 1.005304e-04	 2.874153e-04	-3.431364e-07	 5.888594e-07	-8.293462e-06	 2.611670e-04	 2.934011e-07	 6.291424e-05	-1.285127e-02	-6.425087e-01	
 2.178186e-07	 4.944185e-06	 2.966455e-05	 1.869486e-04	 1.554229e-05	 7.841845e-05	 6.041092e-05	-8.091408e-05	-8.516691e-04	 1.824090e-04	 1.154626e-03	 1.614401e-02	 1.335135e-02	 1.464998e-02	 8.426504e-03	-8.858161e-04	 6.978554e-04	-2.762367e-03	-8.918865e-04	 3.694099e-03	 9.617049e-06	 5.227458e-05	 1.138616e-05	 5.249053e-05	-3.768322e-05	-2.359897e-04	 1.044300e-06	-6.785060e-07	 1.136961e-05	 8.185233e-05	 9.511597e-08	 8.862907e-05	-2.967806e-03	-7.111118e-01	
 5.654242e-07	 1.759657e-05	 5.819081e-05	 1.554229e-05	 4.708149e-05	 3.288010e-06	 1.750316e-04	 1.471729e-04	-1.349919e-03	-5.514980e-05	 5.518325e-04	 3.925657e-03	 4.935737e-04	 3.754842e-03	 3.351421e-03	-1.126066e-03	 3.981726e-04	 6.932004e-04	 2.530545e-05	 3.480185e-04	 1.214735e-05	-5.618789e-06	-6.795592e-06	 1.566986e-05	 6.828954e-05	 1.849520e-04	-2.505178e-07	 3.631536e-07	-5.442879e-06	 1.645437e-04	 2.580621e-07	 4.445636e-05	-8.952392e-03	 5.398025e-01	
-1.251146e-09	-2.190659e-06	 7.589965e-06	 7.841845e-05	 3.288010e-06	 4.038037e-05	-2.241037e-06	-4.528436e-05	-2.295603e-04	 1.452643e-04	-1.014534e-04	 1.171979e-02	 8.637246e-03	 4.991695e-03	 1.122333e-03	 3.991153e-04	 5.785009e-04	-1.092101e-03	 1.851253e-04	 1.132594e-03	 1.499037e-06	 1.931545e-05	-1.059837e-06	 9.445326e-06	-2.454025e-05	-1.173861e-04	 5.278084e-07	-3.686761e-07	 1.646487e-06	 1.831276e-05	-1.802282e-09	 2.821144e-05	 5.367002e-04	-3.027870e-01	
 1.909812e-06	 9.114596e-05	 2.508962e-04	 6.041092e-05	 1.750316e-04	-2.241037e-06	 8.239902e-04	 3.973658e-04	 4.274966e-03	-4.342289e-04	 1.274072e-03	 3.753636e-02	 6.619444e-03	 1.072316e-02	-1.752419e-03	 3.454616e-03	 5.266134e-04	 4.861366e-03	 1.303645e-03	-1.002795e-03	 1.803006e-05	-4.219614e-05	 6.124672e-05	 5.598087e-05	 3.947385e-04	 1.148000e-03	-1.247164e-06	 1.506835e-06	-2.812793e-05	 7.192660e-04	 8.637991e-07	 2.157373e-04	-4.370938e-02	 6.874737e-01	
 1.270344e-05	 3.022261e-05	-1.443071e-05	-8.091408e-05	 1.471729e-04	-4.528436e-05	 3.973658e-04	 7.731733e-03	 8.275455e-03	 2.014897e-04	 7.087673e-03	-3.054650e-02	-2.346978e-02	 6.385425e-03	 2.946086e-02	-1.328305e-02	-4.419497e-03	-1.219241e-02	 4.875217e-03	 4.132344e-04	 3.873002e-04	 2.082074e-05	 2.903261e-04	-3.885400e-04	 1.127535e-05	-1.674020e-03	-1.682068e-06	 1.402120e-06	 8.700867e-06	 1.646749e-05	 5.817193e-06	-5.636800e-06	-1.933363e-02	 4.790365e+01	
-5.409856e-05	 7.151821e-04	-2.798017e-04	-8.516691e-04	-1.349919e-03	-2.295603e-04	 4.274966e-03	 8.275455e-03	 3.853768e+01	-4.094691e-01	-4.899489e-01	 1.712317e+01	 1.925156e+00	-1.024059e+01	-4.540104e+01	-1.762455e+00	-1.664397e-01	-4.619865e-02	-4.608194e+00	-2.757325e+01	-7.469601e-03	-6.858698e-03	 1.009058e-02	-8.550622e-03	-2.729354e-02	-3.651730e-02	-4.019867e-04	 9.126642e-04	-7.202165e-05	 1.814334e-04	-2.611580e-05	 8.764102e-04	-2.193753e-01	 3.480127e+01	
-4.228413e-06	-5.055938e-05	-1.637013e-04	 1.824090e-04	-5.514980e-05	 1.452643e-04	-4.342289e-04	 2.014897e-04	-4.094691e-01	 7.920883e-02	-6.206910e-02	-4.049926e-01	 6.767948e-01	 1.473132e+00	 5.063100e-01	 1.721710e-01	-3.248922e-02	 4.606959e-02	 9.985806e-02	 1.394002e-01	-1.250078e-03	-1.202936e-03	 1.808249e-03	 1.072332e-03	 4.939458e-03	 1.020863e-02	 8.148952e-06	 3.333405e-06	-1.242330e-05	-4.190510e-04	-1.945227e-06	-6.157632e-06	 2.738061e-02	 9.310517e-01	
 2.924632e-05	 1.539926e-04	 1.635727e-04	 1.154626e-03	 5.518325e-04	-1.014534e-04	 1.274072e-03	 7.087673e-03	-4.899489e-01	-6.206910e-02	 3.571855e+00	-2.676084e+01	-2.823005e+00	 7.615759e+00	 4.792539e+00	-2.712548e+00	-1.502878e-01	 3.147983e-02	 2.299538e+00	 2.930569e+00	-3.077693e-03	-2.377804e-03	-2.008459e-02	-6.759146e-04	-1.697680e-02	-1.644606e-02	 1.344061e-04	-2.501295e-05	 3.419516e-04	 3.925209e-04	 1.280580e-05	 8.217641e-04	-8.832603e-02	 4.081197e+01	
-9.396259e-06	 1.682088e-03	 2.021845e-02	 1.614401e-02	 3.925657e-03	 1.171979e-02	 3.753636e-02	-3.054650e-02	 1.712317e+01	-4.049926e-01	-2.676084e+01	 6.883544e+02	 6.884791e+01	-4.109872e+01	-3.133994e+01	 1.067422e+01	-3.654772e+00	 3.556351e+00	-8.498442e+00	-7.781198e+00	 1.684001e-02	-2.548081e-02	 3.301868e-01	-2.539355e-03	 1.800769e-01	 8.483439e-01	 3.759947e-03	 7.379336e-04	 6.488009e-04	 5.013868e-02	-4.860371e-06	 6.392904e-03	-1.291741e+00	-2.732439e+02	
-1.528481e-04	-1.412394e-04	 3.791432e-03	 1.335135e-02	 4.935737e-04	 8.637246e-03	 6.619444e-03	-2.346978e-02	 1.925156e+00	 6.767948e-01	-2.823005e+00	 6.884791e+01	 5.471677e+01	 3.721354e+01	 1.512168e+01	-5.370554e+00	-7.677899e-01	-1.482998e+00	 1.921780e+00	 3.667593e+00	-2.078532e-02	-1.950240e-02	 8.398913e-02	-1.700056e-02	 8.166909e-02	 5.435043e-01	 3.182200e-04	 3.579852e-04	-6.512197e-04	 3.656254e-03	-6.949812e-05	 4.754513e-03	 1.013960e-02	-1.765186e+02	
-5.987459e-05	 8.436518e-04	 2.073768e-03	 1.464998e-02	 3.754842e-03	 4.991695e-03	 1.072316e-02	 6.385425e-03	-1.024059e+01	 1.473132e+00	 7.615759e+00	-4.109872e+01	 3.721354e+01	 8.470568e+01	 4.804169e+01	-1.137365e+01	-1.063431e+00	-8.651891e-01	 3.455508e+00	 7.583016e+00	-3.496943e-02	-3.275992e-02	 3.434578e-02	 2.471036e-02	 6.462142e-02	 4.775344e-01	 8.401830e-04	 7.727317e-05	 1.377401e-03	-4.517163e-04	-2.849275e-05	 8.376532e-03	-3.851200e-01	-8.622700e+00	
 1.131197e-04	-7.109186e-04	 2.158518e-04	 8.426504e-03	 3.351421e-03	 1.122333e-03	-1.752419e-03	 2.946086e-02	-4.540104e+01	 5.063100e-01	 4.792539e+00	-3.133994e+01	 1.512168e+01	 4.804169e+01	 8.697876e+01	-7.889002e+00	-1.531392e-01	-1.273249e+00	 2.989514e+00	 2.577696e+01	 1.912754e-02	 5.279329e-03	 3.919042e-03	-6.057049e-03	 5.333576e-03	 1.620907e-01	 7.998385e-04	-1.341957e-03	 2.560191e-03	-5.615758e-03	 5.260730e-05	 2.344197e-03	 1.617595e-01	 1.974771e+02	
-3.511055e-05	 4.262377e-04	 1.445376e-03	-8.858161e-04	-1.126066e-03	 3.991153e-04	 3.454616e-03	-1.328305e-02	-1.762455e+00	 1.721710e-01	-2.712548e+00	 1.067422e+01	-5.370554e+00	-1.137365e+01	-7.889002e+00	 6.643955e+00	 1.534753e-01	 2.664320e-01	-1.631480e+00	-2.022390e+00	 1.013437e-03	-1.251149e-03	 1.732885e-03	 1.504109e-04	 2.874656e-02	-5.167718e-02	-1.897809e-04	-7.497335e-05	-7.358404e-04	 5.408005e-03	-1.578907e-05	 1.130891e-04	-1.699622e-01	-9.862063e+01	
-5.268543e-06	 3.845447e-05	 5.826680e-04	 6.978554e-04	 3.981726e-04	 5.785009e-04	 5.266134e-04	-4.419497e-03	-1.664397e-01	-3.248922e-02	-1.502878e-01	-3.654772e+00	-7.677899e-01	-1.063431e+00	-1.531392e-01	 1.534753e-01	 3.060345e+00	 5.623186e-01	-1.322486e-02	-1.030443e-02	-2.055100e-03	 1.078333e-03	-5.747378e-04	 2.181695e-03	-7.447706e-05	 2.038302e-02	 1.710953e-04	 1.055519e-06	-1.403197e-04	 8.964608e-04	-2.253585e-06	 5.291176e-04	-2.307882e-02	-2.263065e+01	
 3.922889e-06	 6.031686e-04	 2.132870e-03	-2.762367e-03	 6.932004e-04	-1.092101e-03	 4.861366e-03	-1.219241e-02	-4.619865e-02	 4.606959e-02	 3.147983e-02	 3.556351e+00	-1.482998e+00	-8.651891e-01	-1.273249e+00	 2.664320e-01	 5.623186e-01	 3.018272e+00	 2.635619e+00	 2.673021e+00	-6.458198e-03	-8.488227e-03	-5.291015e-03	-3.226219e-03	 7.575093e-03	 4.618114e-02	-1.853863e-04	 2.286624e-05	-5.118074e-04	 5.994967e-03	 1.788331e-06	 1.184676e-04	-2.858471e-01	-8.626537e+01	
 3.089867e-05	 1.272409e-04	 1.111244e-03	-8.918865e-04	 2.530545e-05	 1.851253e-04	 1.303645e-03	 4.875217e-03	-4.608194e+00	 9.985806e-02	 2.299538e+00	-8.498442e+00	 1.921780e+00	 3.455508e+00	 2.989514e+00	-1.631480e+00	-1.322486e-02	 2.635619e+00	 9.779748e+00	 1.708172e+01	-1.496927e-02	-1.085128e-02	-2.397980e-03	-6.545265e-03	 5.581050e-03	 1.012000e-01	 6.156456e-05	 3.956594e-04	-6.016236e-04	 3.613004e-03	 1.399983e-05	-2.805682e-04	-8.771328e-02	 2.689606e+01	
 8.942646e-05	-2.347050e-04	 1.553819e-03	 3.694099e-03	 3.480185e-04	 1.132594e-03	-1.002795e-03	 4.132344e-04	-2.757325e+01	 1.394002e-01	 2.930569e+00	-7.781198e+00	 3.667593e+00	 7.583016e+00	 2.577696e+01	-2.022390e+00	-1.030443e-02	 2.673021e+00	 1.708172e+01	 4.700146e+01	-1.544624e-02	-1.772267e-03	 4.999505e-03	 3.654357e-03	 3.117452e-03	 1.463783e-01	 4.148145e-04	 6.620738e-04	 6.725567e-04	 4.293594e-03	 4.235385e-05	 7.705907e-04	 1.472228e-03	 9.141627e+00	
 6.439994e-07	-2.606513e-07	-4.740453e-07	 9.617049e-06	 1.214735e-05	 1.499037e-06	 1.803006e-05	 3.873002e-04	-7.469601e-03	-1.250078e-03	-3.077693e-03	 1.684001e-02	-2.078532e-02	-3.496943e-02	 1.912754e-02	 1.013437e-03	-2.055100e-03	-6.458198e-03	-1.496927e-02	-1.544624e-02	 1.387863e-03	 2.436351e-04	 1.178109e-04	-3.911945e-04	-2.582065e-05	-2.331137e-04	-8.594722e-07	-3.183499e-06	 5.538372e-06	 1.349665e-05	 3.089040e-07	 7.683038e-07	-4.143643e-04	 2.483744e+00	
 5.163002e-07	-4.985741e-06	-4.901433e-06	 5.227458e-05	-5.618789e-06	 1.931545e-05	-4.219614e-05	 2.082074e-05	-6.858698e-03	-1.202936e-03	-2.377804e-03	-2.548081e-02	-1.950240e-02	-3.275992e-02	 5.279329e-03	-1.251149e-03	 1.078333e-03	-8.488227e-03	-1.085128e-02	-1.772267e-03	 2.436351e-04	 8.680058e-04	-7.254081e-05	 7.733827e-04	-5.363766e-05	-1.988668e-03	-1.031216e-07	-1.083518e-06	 7.504159e-06	-4.229741e-06	 2.386878e-07	 1.065841e-05	 1.821642e-03	 2.541577e-01	
 3.859396e-07	 9.394837e-06	-2.628188e-06	 1.138616e-05	-6.795592e-06	-1.059837e-06	 6.124672e-05	 2.903261e-04	 1.009058e-02	 1.808249e-03	-2.008459e-02	 3.301868e-01	 8.398913e-02	 3.434578e-02	 3.919042e-03	 1.732885e-03	-5.747378e-04	-5.291015e-03	-2.397980e-03	 4.999505e-03	 1.178109e-04	-7.254081e-05	 6.438931e-03	-4.140949e-04	 5.878773e-04	 3.831936e-03	 2.735877e-06	 3.927572e-06	-1.854942e-07	-1.905517e-05	 1.580037e-07	 1.652655e-05	-3.651803e-03	 1.674078e+00	
 6.628988e-10	 5.213054e-06	 3.783020e-05	 5.249053e-05	 1.566986e-05	 9.445326e-06	 5.598087e-05	-3.885400e-04	-8.550622e-03	 1.072332e-03	-6.759146e-04	-2.539355e-03	-1.700056e-02	 2.471036e-02	-6.057049e-03	 1.504109e-04	 2.181695e-03	-3.226219e-03	-6.545265e-03	 3.654357e-03	-3.911945e-04	 7.733827e-04	-4.140949e-04	 2.858916e-03	 5.087815e-04	-1.525381e-03	 5.504481e-07	 2.706148e-06	 6.080008e-06	 1.171570e-04	 7.919779e-09	 3.431928e-05	-3.200461e-03	-2.674490e+00	
 3.529035e-08	 4.727055e-05	 1.005304e-04	-3.768322e-05	 6.828954e-05	-2.454025e-05	 3.947385e-04	 1.127535e-05	-2.729354e-02	 4.939458e-03	-1.697680e-02	 1.800769e-01	 8.166909e-02	 6.462142e-02	 5.333576e-03	 2.874656e-02	-7.447706e-05	 7.575093e-03	 5.581050e-03	 3.117452e-03	-2.582065e-05	-5.363766e-05	 5.878773e-04	 5.087815e-04	 6.781363e-03	 8.950274e-03	 1.701011e-06	 2.229864e-06	-2.222174e-05	 2.886432e-04	-2.154749e-08	 8.301974e-05	-2.098761e-02	-6.961739e-01	
-6.234970e-06	 1.393680e-04	 2.874153e-04	-2.359897e-04	 1.849520e-04	-1.173861e-04	 1.148000e-03	-1.674020e-03	-3.651730e-02	 1.020863e-02	-1.644606e-02	 8.483439e-01	 5.435043e-01	 4.775344e-01	 1.620907e-01	-5.167718e-02	 2.038302e-02	 4.618114e-02	 1.012000e-01	 1.463783e-01	-2.331137e-04	-1.988668e-03	 3.831936e-03	-1.525381e-03	 8.950274e-03	 7.347506e-02	 4.618777e-06	 1.612184e-05	-9.548134e-05	 7.526039e-04	-2.847874e-06	 2.109565e-04	-5.800684e-02	-1.279374e+01	
-1.805324e-09	-1.454380e-07	-3.431364e-07	 1.044300e-06	-2.505178e-07	 5.278084e-07	-1.247164e-06	-1.682068e-06	-4.019867e-04	 8.148952e-06	 1.344061e-04	 3.759947e-03	 3.182200e-04	 8.401830e-04	 7.998385e-04	-1.897809e-04	 1.710953e-04	-1.853863e-04	 6.156456e-05	 4.148145e-04	-8.594722e-07	-1.031216e-07	 2.735877e-06	 5.504481e-07	 1.701011e-06	 4.618777e-06	 4.039608e-07	 1.221183e-08	 3.044867e-08	-1.008156e-06	-1.187131e-09	 1.221629e-07	 6.685327e-05	-8.304173e-03	
 3.189624e-09	 1.328687e-07	 5.888594e-07	-6.785060e-07	 3.631536e-07	-3.686761e-07	 1.506835e-06	 1.402120e-06	 9.126642e-04	 3.333405e-06	-2.501295e-05	 7.379336e-04	 3.579852e-04	 7.727317e-05	-1.341957e-03	-7.497335e-05	 1.055519e-06	 2.286624e-05	 3.956594e-04	 6.620738e-04	-3.183499e-06	-1.083518e-06	 3.927572e-06	 2.706148e-06	 2.229864e-06	 1.612184e-05	 1.221183e-08	 3.298764e-07	-8.276453e-09	 1.613516e-06	 1.462569e-09	-2.645783e-08	-7.201921e-05	 4.553020e-03	
 4.207724e-08	-3.194090e-06	-8.293462e-06	 1.136961e-05	-5.442879e-06	 1.646487e-06	-2.812793e-05	 8.700867e-06	-7.202165e-05	-1.242330e-05	 3.419516e-04	 6.488009e-04	-6.512197e-04	 1.377401e-03	 2.560191e-03	-7.358404e-04	-1.403197e-04	-5.118074e-04	-6.016236e-04	 6.725567e-04	 5.538372e-06	 7.504159e-06	-1.854942e-07	 6.080008e-06	-2.222174e-05	-9.548134e-05	 3.044867e-08	-8.276453e-09	 6.067572e-06	-2.400131e-05	 1.955997e-08	-2.245355e-06	 1.442852e-03	 1.065266e-01	
 1.889648e-06	 7.258427e-05	 2.611670e-04	 8.185233e-05	 1.645437e-04	 1.831276e-05	 7.192660e-04	 1.646749e-05	 1.814334e-04	-4.190510e-04	 3.925209e-04	 5.013868e-02	 3.656254e-03	-4.517163e-04	-5.615758e-03	 5.408005e-03	 8.964608e-04	 5.994967e-03	 3.613004e-03	 4.293594e-03	 1.349665e-05	-4.229741e-06	-1.905517e-05	 1.171570e-04	 2.886432e-04	 7.526039e-04	-1.008156e-06	 1.613516e-06	-2.400131e-05	 7.521264e-04	 8.524982e-07	 1.835042e-04	-3.720199e-02	-1.489308e+00	
 1.669288e-08	 6.639051e-08	 2.934011e-07	 9.511597e-08	 2.580621e-07	-1.802282e-09	 8.637991e-07	 5.817193e-06	-2.611580e-05	-1.945227e-06	 1.280580e-05	-4.860371e-06	-6.949812e-05	-2.849275e-05	 5.260730e-05	-1.578907e-05	-2.253585e-06	 1.788331e-06	 1.399983e-05	 4.235385e-05	 3.089040e-07	 2.386878e-07	 1.580037e-07	 7.919779e-09	-2.154749e-08	-2.847874e-06	-1.187131e-09	 1.462569e-09	 1.955997e-08	 8.524982e-07	 7.590691e-09	 1.229771e-07	-4.607757e-05	 3.474160e-02	
 2.770746e-07	 2.559379e-05	 6.291424e-05	 8.862907e-05	 4.445636e-05	 2.821144e-05	 2.157373e-04	-5.636800e-06	 8.764102e-04	-6.157632e-06	 8.217641e-04	 6.392904e-03	 4.754513e-03	 8.376532e-03	 2.344197e-03	 1.130891e-04	 5.291176e-04	 1.184676e-04	-2.805682e-04	 7.705907e-04	 7.683038e-07	 1.065841e-05	 1.652655e-05	 3.431928e-05	 8.301974e-05	 2.109565e-04	 1.221629e-07	-2.645783e-08	-2.245355e-06	 1.835042e-04	 1.229771e-07	 9.306976e-05	-1.176591e-02	-5.452583e-01	
-1.022093e-04	-5.013497e-03	-1.285127e-02	-2.967806e-03	-8.952392e-03	 5.367002e-04	-4.370938e-02	-1.933363e-02	-2.193753e-01	 2.738061e-02	-8.832603e-02	-1.291741e+00	 1.013960e-02	-3.851200e-01	 1.617595e-01	-1.699622e-01	-2.307882e-02	-2.858471e-01	-8.771328e-02	 1.472228e-03	-4.143643e-04	 1.821642e-03	-3.651803e-03	-3.200461e-03	-2.098761e-02	-5.800684e-02	 6.685327e-05	-7.201921e-05	 1.442852e-03	-3.720199e-02	-4.607757e-05	-1.176591e-02	 2.364432e+00	-2.475656e+01	
 7.578421e-02	-1.253934e-02	-6.425087e-01	-7.111118e-01	 5.398025e-01	-3.027870e-01	 6.874737e-01	 4.790365e+01	 3.480127e+01	 9.310517e-01	 4.081197e+01	-2.732439e+02	-1.765186e+02	-8.622700e+00	 1.974771e+02	-9.862063e+01	-2.263065e+01	-8.626537e+01	 2.689606e+01	 9.141627e+00	 2.483744e+00	 2.541577e-01	 1.674078e+00	-2.674490e+00	-6.961739e-01	-1.279374e+01	-8.304173e-03	 4.553020e-03	 1.065266e-01	-1.489308e+00	 3.474160e-02	-5.452583e-01	-2.475656e+01	 3.019477e+05	
