#          omega_b,        omega_cdm,                h,     ln10^{10}A_s,              n_s,         tau_reio,         frac_EDE,        log10mass,        A_cib_217,        xi_sz_cib,             A_sz,     ps_A_100_100,     ps_A_143_143,     ps_A_143_217,     ps_A_217_217,         ksz_norm,     gal545_A_100,     gal545_A_143, gal545_A_143_217,     gal545_A_217,    galf_TE_A_100, galf_TE_A_100_143, galf_TE_A_100_217,    galf_TE_A_143, galf_TE_A_143_217,    galf_TE_A_217,       calib_100T,       calib_217T,         A_planck,            b1_hN,            c2_hN,            b1_hS,            c2_hS,            b1_lN,            c2_lN,                M,              YHe,           sigma8,             rs_d,          z_decay
 2.886114e-08	 1.274294e-07	 5.004867e-07	 2.717580e-07	 3.971771e-07	 7.573473e-08	 1.541239e-06	 9.668653e-06	 5.394254e-05	 4.085797e-07	 4.196943e-05	-3.061804e-04	-6.859468e-05	 9.370790e-05	-1.931928e-05	-4.353049e-05	 1.673011e-05	-1.394219e-05	-3.427119e-05	-1.168031e-04	-2.610433e-07	-5.726726e-08	-4.042259e-07	 3.233884e-09	-9.673884e-07	-2.271709e-06	 1.884926e-09	 1.610788e-09	-2.948434e-08	-1.096185e-06	-6.545539e-06	 2.800726e-07	 2.731165e-06	-1.125958e-06	-6.744156e-06	 1.479864e-06	 1.299730e-08	 2.967392e-07	-8.712374e-05	 5.800711e-02	
 1.274294e-07	 7.076559e-06	 1.512656e-05	 2.837084e-06	 9.134893e-06	-4.210003e-06	 6.111679e-05	-4.894881e-05	 1.498040e-03	 8.589760e-06	 3.653970e-04	-8.819917e-04	 1.010975e-04	 5.742316e-04	-1.118350e-03	-3.577739e-04	-3.375179e-05	 1.371915e-04	 1.272453e-04	-1.088098e-03	-4.304931e-06	-8.359290e-06	-2.810457e-05	 1.000823e-05	-6.387541e-06	-2.234418e-05	-1.210914e-08	 6.355451e-08	-7.160688e-07	 1.476414e-06	 9.461952e-06	 4.448996e-06	 1.119282e-04	-3.553573e-06	-5.511711e-05	 4.711681e-05	 5.796423e-08	 1.628036e-05	-3.365796e-03	-4.580177e-01	
 5.004867e-07	 1.512656e-05	 6.062222e-05	 1.871049e-05	 3.381935e-05	-4.537144e-06	 1.631828e-04	-2.967076e-04	 1.773329e-03	 7.559086e-05	 1.247653e-03	-1.008476e-02	-4.157342e-04	 4.333359e-03	 2.180446e-03	-2.174669e-03	 1.206995e-03	 3.525670e-04	 2.612227e-05	-2.787863e-03	-1.145562e-05	-1.415277e-05	-5.529127e-05	 2.695568e-05	-7.353304e-05	-1.330805e-04	-7.211156e-08	 8.496255e-08	 1.859468e-07	-9.550469e-06	-2.956370e-05	 5.513530e-06	 2.503695e-04	-9.483328e-06	-1.520931e-04	 1.764451e-04	 2.277902e-07	 3.893626e-05	-8.416432e-03	-2.351956e+00	
 2.717580e-07	 2.837084e-06	 1.871049e-05	 1.796421e-04	 2.027412e-05	 8.022737e-05	 3.653749e-05	-1.570565e-04	-1.957534e-03	 2.882967e-04	 1.838227e-03	-5.235487e-02	-1.321755e-03	 1.408527e-02	 1.008200e-02	-4.939702e-03	 2.067991e-04	-3.608477e-03	-2.861226e-03	-3.189092e-03	-2.992258e-05	 1.237932e-05	-7.327647e-05	 1.244172e-05	 1.572653e-06	-3.017742e-04	-9.195440e-08	-1.715926e-07	 7.095419e-06	-2.124656e-04	-1.979504e-04	-1.717803e-04	-1.629705e-04	-1.610331e-04	-2.623829e-04	 5.256106e-05	 1.285183e-07	 8.436793e-05	-1.976035e-03	-1.240039e+00	
 3.971771e-07	 9.134893e-06	 3.381935e-05	 2.027412e-05	 3.118916e-05	 4.044016e-06	 1.029457e-04	-1.037874e-05	-3.822811e-03	 1.940634e-04	 7.766833e-04	-2.147175e-02	-4.452985e-03	 3.937422e-03	 5.209253e-03	-1.801358e-03	 4.497375e-04	-6.735835e-04	-4.549003e-04	 5.957807e-04	-1.128081e-05	-1.608672e-05	-2.549547e-05	 1.244596e-05	-3.101471e-05	-6.145185e-05	-1.397966e-07	-1.426649e-08	 8.913984e-08	-3.557016e-06	 6.685975e-05	-5.294365e-06	 4.864489e-05	-1.336791e-05	-4.827808e-05	 9.924274e-05	 1.841737e-07	 2.975900e-05	-5.074089e-03	-3.375965e-01	
 7.573473e-08	-4.210003e-06	-4.537144e-06	 8.022737e-05	 4.044016e-06	 4.495163e-05	-2.976491e-05	 4.145357e-05	-2.767889e-03	 1.606136e-04	 4.224803e-04	-1.919987e-02	-1.547441e-03	 6.011867e-03	 4.276602e-03	-1.757832e-03	-1.570665e-04	-1.598005e-03	-1.629996e-03	-9.383049e-04	-7.475697e-06	 1.152086e-05	-2.530878e-05	 1.325571e-06	 2.066453e-05	-1.046967e-04	-7.643737e-08	-1.230521e-07	-7.622781e-08	-8.841265e-05	-4.889558e-05	-7.480595e-05	-1.653546e-04	-6.578534e-05	-2.521157e-05	-1.672866e-05	 3.588935e-08	 2.615870e-05	 1.718204e-03	 2.909080e-01	
 1.541239e-06	 6.111679e-05	 1.631828e-04	 3.653749e-05	 1.029457e-04	-2.976491e-05	 5.779090e-04	-4.155117e-04	 9.266231e-03	 2.235256e-04	 3.881182e-03	-1.709072e-02	 3.280453e-04	 9.971114e-03	-2.934314e-03	-4.771963e-03	 1.404421e-03	 1.240017e-03	 1.336198e-03	-7.545623e-03	-3.715948e-05	-6.703603e-05	-2.196127e-04	 1.050587e-04	-1.074695e-04	-2.762423e-04	-1.436401e-07	 5.504922e-07	-4.584906e-06	-1.145548e-07	 2.078091e-05	 3.616423e-05	 9.336741e-04	-4.569467e-05	-5.994371e-04	 4.940314e-04	 7.020662e-07	 1.439093e-04	-3.067847e-02	-4.059046e+00	
 9.668653e-06	-4.894881e-05	-2.967076e-04	-1.570565e-04	-1.037874e-05	 4.145357e-05	-4.155117e-04	 1.164996e-02	 1.402346e-02	 5.775500e-04	 5.792645e-03	 5.189348e-02	-2.583404e-02	-2.647124e-03	-5.694731e-02	 1.312655e-02	-8.815640e-03	-2.276240e-03	-3.028220e-04	-4.404450e-03	-7.185151e-05	 2.132673e-05	 7.490603e-04	-1.765997e-04	 5.845167e-04	 1.050551e-03	 8.923880e-07	 1.932869e-06	-2.800189e-05	-1.982267e-04	-2.277203e-03	 2.732331e-04	-4.314752e-04	-4.715705e-04	-2.267048e-03	-8.507087e-04	 4.333823e-06	-1.943599e-04	 2.375889e-02	 7.744772e+01	
 5.394254e-05	 1.498040e-03	 1.773329e-03	-1.957534e-03	-3.822811e-03	-2.767889e-03	 9.266231e-03	 1.402346e-02	 4.850837e+01	-3.227552e-01	 4.430070e-01	 1.776271e+01	-1.505275e+00	-1.193413e+01	-5.929162e+01	-8.182564e-01	 5.186207e-01	 1.012947e+00	-5.819655e+00	-3.622453e+01	 1.850844e-03	 1.300240e-02	-2.341077e-03	 1.596141e-02	-2.859435e-02	-2.193099e-01	-3.330945e-04	 7.770491e-04	 6.054989e-04	-1.341769e-03	-7.275977e-02	 1.347413e-02	 1.790283e-01	 2.668601e-02	 9.257751e-02	 5.605466e-03	 2.191299e-05	 9.684070e-04	-6.529816e-01	 2.364839e+01	
 4.085797e-07	 8.589760e-06	 7.559086e-05	 2.882967e-04	 1.940634e-04	 1.606136e-04	 2.235256e-04	 5.775500e-04	-3.227552e-01	 8.114351e-02	-4.314806e-02	-2.425910e-01	 9.595127e-01	 1.663586e+00	 5.030829e-01	 5.484080e-02	 8.227736e-03	 1.893732e-02	 1.642087e-01	 2.021340e-01	-1.446862e-06	-4.263170e-04	-5.097219e-04	-4.700632e-04	 2.773466e-04	-4.903478e-04	 3.882031e-06	-1.337612e-06	-1.523090e-05	-2.591186e-04	-1.899598e-03	-1.221099e-03	-4.357526e-03	 4.550623e-04	 4.361528e-03	 2.337428e-04	 2.273376e-07	 1.798566e-04	-6.667826e-03	 2.382233e+00	
 4.196943e-05	 3.653970e-04	 1.247653e-03	 1.838227e-03	 7.766833e-04	 4.224803e-04	 3.881182e-03	 5.792645e-03	 4.430070e-01	-4.314806e-02	 3.933227e+00	-2.998278e+01	-2.749524e+00	 7.826288e+00	 4.274678e+00	-2.824196e+00	-2.025701e-01	 3.425712e-01	 2.813053e+00	 3.086513e+00	-1.785630e-03	 3.418890e-03	-1.798119e-03	 7.290237e-03	 2.196437e-03	-5.075967e-02	 1.014588e-04	-1.427650e-05	 1.417370e-04	 1.248517e-03	 3.233607e-02	 8.138843e-04	-2.335680e-03	 1.252375e-03	-1.901489e-02	 3.475574e-03	 1.946473e-05	 1.408261e-03	-2.167804e-01	 2.722481e+01	
-3.061804e-04	-8.819917e-04	-1.008476e-02	-5.235487e-02	-2.147175e-02	-1.919987e-02	-1.709072e-02	 5.189348e-02	 1.776271e+01	-2.425910e-01	-2.998278e+01	 7.597988e+02	 6.547212e+01	-4.835518e+01	-3.906545e+01	 1.443872e+01	-3.757826e+00	 8.080904e+00	-1.058477e+01	-2.004640e+01	 5.853994e-02	 2.847125e-02	-1.001720e-01	-2.966681e-02	-3.041830e-02	 1.110627e-01	 4.155254e-03	-2.280223e-04	-3.715297e-03	-4.010558e-02	-6.300010e-01	-3.149347e-02	 2.243006e-02	 1.140649e-02	-2.678740e-02	-2.956309e-02	-1.608238e-04	-2.784087e-02	 9.299031e-01	 3.736020e+02	
-6.859468e-05	 1.010975e-04	-4.157342e-04	-1.321755e-03	-4.452985e-03	-1.547441e-03	 3.280453e-04	-2.583404e-02	-1.505275e+00	 9.595127e-01	-2.749524e+00	 6.547212e+01	 5.784195e+01	 4.074045e+01	 1.855027e+01	-5.028860e+00	 6.183261e-01	-1.386741e+00	 3.096167e+00	 4.589259e+00	 4.792341e-03	-8.837269e-03	 8.032191e-03	 1.085769e-02	 6.789979e-03	-1.197856e-02	 6.769588e-04	 7.514501e-05	 3.347667e-04	-1.014437e-02	-3.393991e-02	-2.797527e-02	-3.494039e-02	-1.202354e-02	-1.390316e-01	-8.934657e-04	-3.282344e-05	-1.428559e-03	 2.376795e-02	-1.974013e+02	
 9.370790e-05	 5.742316e-04	 4.333359e-03	 1.408527e-02	 3.937422e-03	 6.011867e-03	 9.971114e-03	-2.647124e-03	-1.193413e+01	 1.663586e+00	 7.826288e+00	-4.835518e+01	 4.074045e+01	 8.449774e+01	 5.187531e+01	-1.209609e+01	-1.569630e-01	-3.585340e-01	 5.802653e+00	 9.136022e+00	-8.978839e-04	-1.297941e-03	 4.010800e-03	 2.104209e-02	 2.298941e-02	-1.913944e-01	 8.079691e-04	-2.663565e-04	-1.708454e-04	-8.410535e-03	 8.588815e-02	-4.311127e-02	-1.048544e-01	-7.122799e-03	-6.752258e-02	 1.099700e-02	 4.331415e-05	 7.241048e-03	-4.530263e-01	-6.740812e+01	
-1.931928e-05	-1.118350e-03	 2.180446e-03	 1.008200e-02	 5.209253e-03	 4.276602e-03	-2.934314e-03	-5.694731e-02	-5.929162e+01	 5.030829e-01	 4.274678e+00	-3.906545e+01	 1.855027e+01	 5.187531e+01	 1.092517e+02	-8.780580e+00	-9.891808e-01	-1.926644e+00	 5.149539e+00	 3.579963e+01	-5.495948e-03	-6.642932e-03	 1.420319e-02	 5.471161e-03	 4.339668e-02	 1.283267e-01	 9.097498e-04	-1.346435e-03	 5.852473e-04	-1.052112e-02	 1.517302e-01	-2.825692e-02	-1.797213e-01	-4.882405e-02	-2.423191e-01	 4.609862e-03	-6.556106e-06	 3.037904e-03	 3.357849e-01	-3.250063e+02	
-4.353049e-05	-3.577739e-04	-2.174669e-03	-4.939702e-03	-1.801358e-03	-1.757832e-03	-4.771963e-03	 1.312655e-02	-8.182564e-01	 5.484080e-02	-2.824196e+00	 1.443872e+01	-5.028860e+00	-1.209609e+01	-8.780580e+00	 5.562475e+00	 1.201724e-01	-8.808591e-02	-1.821388e+00	-1.684267e+00	-4.735762e-04	-1.822127e-03	 1.183493e-03	-1.059751e-02	-6.406406e-03	 6.624610e-02	-1.461580e-04	-2.340085e-05	 4.500015e-05	 6.051194e-04	-5.418303e-02	 2.404571e-03	-1.702337e-02	 3.948277e-03	 2.384165e-02	-5.904798e-03	-2.032048e-05	-2.864949e-03	 2.552401e-01	 1.045225e+02	
 1.673011e-05	-3.375179e-05	 1.206995e-03	 2.067991e-04	 4.497375e-04	-1.570665e-04	 1.404421e-03	-8.815640e-03	 5.186207e-01	 8.227736e-03	-2.025701e-01	-3.757826e+00	 6.183261e-01	-1.569630e-01	-9.891808e-01	 1.201724e-01	 3.178800e+00	 5.154339e-01	 1.546197e-01	 2.255995e-01	-2.439081e-03	 1.828657e-03	-2.423332e-03	 4.885589e-03	-3.985457e-03	-2.331831e-02	 1.443801e-04	 3.298024e-05	 4.113225e-04	 1.154276e-03	 1.094052e-02	-5.018428e-03	-2.004712e-02	-6.266239e-03	-1.580525e-02	 2.918588e-03	 7.806157e-06	-1.491484e-04	-4.674018e-02	-6.577324e+01	
-1.394219e-05	 1.371915e-04	 3.525670e-04	-3.608477e-03	-6.735835e-04	-1.598005e-03	 1.240017e-03	-2.276240e-03	 1.012947e+00	 1.893732e-02	 3.425712e-01	 8.080904e+00	-1.386741e+00	-3.585340e-01	-1.926644e+00	-8.808591e-02	 5.154339e-01	 3.473718e+00	 3.131607e+00	 3.250636e+00	 1.356460e-03	 3.504021e-03	-4.650765e-03	 3.648985e-03	 7.598296e-03	-8.239793e-03	-1.091273e-04	 2.537748e-05	-8.736072e-05	 5.818549e-03	-3.546922e-03	-2.015365e-03	-2.203159e-02	 2.330591e-03	-2.375777e-03	 3.685430e-05	-6.531008e-06	-1.445352e-03	-5.420124e-02	-1.832651e+01	
-3.427119e-05	 1.272453e-04	 2.612227e-05	-2.861226e-03	-4.549003e-04	-1.629996e-03	 1.336198e-03	-3.028220e-04	-5.819655e+00	 1.642087e-01	 2.813053e+00	-1.058477e+01	 3.096167e+00	 5.802653e+00	 5.149539e+00	-1.821388e+00	 1.546197e-01	 3.131607e+00	 1.135666e+01	 2.020623e+01	 3.981050e-04	 1.722894e-03	-9.761124e-04	 4.071476e-03	 1.584682e-02	 3.951633e-02	 6.053886e-05	 3.875107e-04	 3.253697e-04	 2.805976e-03	-1.407760e-02	-2.387373e-03	-5.077995e-02	 6.232344e-03	-7.500618e-03	-3.085265e-04	-1.479822e-05	-1.029552e-03	-2.668162e-02	-7.631608e+00	
-1.168031e-04	-1.088098e-03	-2.787863e-03	-3.189092e-03	 5.957807e-04	-9.383049e-04	-7.545623e-03	-4.404450e-03	-3.622453e+01	 2.021340e-01	 3.086513e+00	-2.004640e+01	 4.589259e+00	 9.136022e+00	 3.579963e+01	-1.684267e+00	 2.255995e-01	 3.250636e+00	 2.020623e+01	 5.668037e+01	-7.353684e-04	-5.245985e-03	 2.638796e-03	-2.681289e-03	 3.963703e-02	 1.803686e-01	 1.981031e-04	 8.548980e-04	 7.589371e-04	 5.858462e-03	 3.386293e-02	-1.089989e-02	-1.991734e-01	-7.079016e-03	-4.971649e-02	-9.040651e-03	-4.966888e-05	-2.939063e-03	 5.833403e-01	 1.404317e+01	
-2.610433e-07	-4.304931e-06	-1.145562e-05	-2.992258e-05	-1.128081e-05	-7.475697e-06	-3.715948e-05	-7.185151e-05	 1.850844e-03	-1.446862e-06	-1.785630e-03	 5.853994e-02	 4.792341e-03	-8.978839e-04	-5.495948e-03	-4.735762e-04	-2.439081e-03	 1.356460e-03	 3.981050e-04	-7.353684e-04	 1.416424e-03	 2.500842e-04	 5.786738e-05	-4.672758e-04	-1.603571e-04	 2.418804e-04	 1.151775e-06	-3.523725e-07	-3.666573e-06	 6.287055e-05	 3.798929e-04	 5.776116e-05	-1.162298e-04	 1.025697e-04	 9.439432e-04	-3.192655e-05	-1.151206e-07	-2.321811e-05	 2.144593e-03	-2.483037e-01	
-5.726726e-08	-8.359290e-06	-1.415277e-05	 1.237932e-05	-1.608672e-05	 1.152086e-05	-6.703603e-05	 2.132673e-05	 1.300240e-02	-4.263170e-04	 3.418890e-03	 2.847125e-02	-8.837269e-03	-1.297941e-03	-6.642932e-03	-1.822127e-03	 1.828657e-03	 3.504021e-03	 1.722894e-03	-5.245985e-03	 2.500842e-04	 8.096281e-04	 2.727922e-05	 6.729154e-04	 5.439620e-05	-1.032957e-03	 9.818896e-07	 6.162438e-07	 2.526001e-06	-6.147921e-05	-9.897454e-05	 2.436741e-05	 6.275909e-05	 2.399415e-05	-2.736647e-04	-4.546013e-05	-2.835382e-08	-1.598750e-05	 3.695973e-03	 3.217338e-01	
-4.042259e-07	-2.810457e-05	-5.529127e-05	-7.327647e-05	-2.549547e-05	-2.530878e-05	-2.196127e-04	 7.490603e-04	-2.341077e-03	-5.097219e-04	-1.798119e-03	-1.001720e-01	 8.032191e-03	 4.010800e-03	 1.420319e-02	 1.183493e-03	-2.423332e-03	-4.650765e-03	-9.761124e-04	 2.638796e-03	 5.786738e-05	 2.727922e-05	 8.011403e-03	-5.605402e-04	 8.088701e-04	 5.301638e-03	-3.459357e-06	-2.470528e-06	 1.549390e-05	-4.760194e-05	-1.087950e-03	 1.190934e-04	 1.318173e-04	-3.211151e-05	-3.630171e-04	-1.640868e-04	-1.296590e-07	-9.157729e-05	 1.321492e-02	 5.724240e+00	
 3.233884e-09	 1.000823e-05	 2.695568e-05	 1.244172e-05	 1.244596e-05	 1.325571e-06	 1.050587e-04	-1.765997e-04	 1.596141e-02	-4.700632e-04	 7.290237e-03	-2.966681e-02	 1.085769e-02	 2.104209e-02	 5.471161e-03	-1.059751e-02	 4.885589e-03	 3.648985e-03	 4.071476e-03	-2.681289e-03	-4.672758e-04	 6.729154e-04	-5.605402e-04	 2.986689e-03	 5.429022e-04	-1.873172e-03	 8.848243e-07	 1.298254e-06	-3.163821e-06	-5.667711e-05	-4.039447e-04	-3.522656e-05	-2.848101e-04	-9.753625e-06	-1.237557e-03	 7.850103e-05	-7.811522e-09	 2.261323e-05	-5.116869e-03	-1.265268e+00	
-9.673884e-07	-6.387541e-06	-7.353304e-05	 1.572653e-06	-3.101471e-05	 2.066453e-05	-1.074695e-04	 5.845167e-04	-2.859435e-02	 2.773466e-04	 2.196437e-03	-3.041830e-02	 6.789979e-03	 2.298941e-02	 4.339668e-02	-6.406406e-03	-3.985457e-03	 7.598296e-03	 1.584682e-02	 3.963703e-02	-1.603571e-04	 5.439620e-05	 8.088701e-04	 5.429022e-04	 6.650003e-03	 7.806428e-03	-1.336154e-06	 1.035915e-06	-1.232051e-05	 1.405236e-04	 1.610517e-03	-2.654269e-04	-1.198114e-03	 1.088230e-04	 1.073776e-03	-1.884980e-04	-4.241916e-07	-1.184950e-05	 5.713992e-03	 4.409572e+00	
-2.271709e-06	-2.234418e-05	-1.330805e-04	-3.017742e-04	-6.145185e-05	-1.046967e-04	-2.762423e-04	 1.050551e-03	-2.193099e-01	-4.903478e-04	-5.075967e-02	 1.110627e-01	-1.197856e-02	-1.913944e-01	 1.283267e-01	 6.624610e-02	-2.331831e-02	-8.239793e-03	 3.951633e-02	 1.803686e-01	 2.418804e-04	-1.032957e-03	 5.301638e-03	-1.873172e-03	 7.806428e-03	 7.869876e-02	-8.444729e-06	-6.171781e-06	-1.826163e-05	 8.208892e-04	 4.789313e-03	-1.104545e-04	-1.520321e-03	 1.146117e-04	 1.449270e-03	-2.906216e-04	-9.122875e-07	-1.648056e-04	 1.529695e-02	 9.013707e+00	
 1.884926e-09	-1.210914e-08	-7.211156e-08	-9.195440e-08	-1.397966e-07	-7.643737e-08	-1.436401e-07	 8.923880e-07	-3.330945e-04	 3.882031e-06	 1.014588e-04	 4.155254e-03	 6.769588e-04	 8.079691e-04	 9.097498e-04	-1.461580e-04	 1.443801e-04	-1.091273e-04	 6.053886e-05	 1.981031e-04	 1.151775e-06	 9.818896e-07	-3.459357e-06	 8.848243e-07	-1.336154e-06	-8.444729e-06	 3.521148e-07	-2.466599e-08	 7.532880e-09	-5.746765e-07	-6.019176e-06	-1.210200e-06	-6.682863e-06	-1.483890e-06	-2.381330e-05	-5.875231e-08	 6.829546e-10	-9.872936e-08	 5.701168e-06	 5.794412e-03	
 1.610788e-09	 6.355451e-08	 8.496255e-08	-1.715926e-07	-1.426649e-08	-1.230521e-07	 5.504922e-07	 1.932869e-06	 7.770491e-04	-1.337612e-06	-1.427650e-05	-2.280223e-04	 7.514501e-05	-2.663565e-04	-1.346435e-03	-2.340085e-05	 3.298024e-05	 2.537748e-05	 3.875107e-04	 8.548980e-04	-3.523725e-07	 6.162438e-07	-2.470528e-06	 1.298254e-06	 1.035915e-06	-6.171781e-06	-2.466599e-08	 3.725626e-07	-2.804965e-08	-1.657320e-07	-4.793725e-06	-2.752574e-07	-2.281633e-06	 1.129107e-06	 1.397667e-05	 3.080492e-07	 7.774078e-10	 2.725146e-08	-2.841774e-05	 1.209590e-02	
-2.948434e-08	-7.160688e-07	 1.859468e-07	 7.095419e-06	 8.913984e-08	-7.622781e-08	-4.584906e-06	-2.800189e-05	 6.054989e-04	-1.523090e-05	 1.417370e-04	-3.715297e-03	 3.347667e-04	-1.708454e-04	 5.852473e-04	 4.500015e-05	 4.113225e-04	-8.736072e-05	 3.253697e-04	 7.589371e-04	-3.666573e-06	 2.526001e-06	 1.549390e-05	-3.163821e-06	-1.232051e-05	-1.826163e-05	 7.532880e-09	-2.804965e-08	 4.432004e-06	-1.757456e-05	-4.928286e-05	-1.631000e-05	-4.310673e-05	-1.192408e-05	-4.934045e-05	 2.920519e-07	-1.180640e-08	 1.684086e-06	 2.904515e-04	-1.845134e-01	
-1.096185e-06	 1.476414e-06	-9.550469e-06	-2.124656e-04	-3.557016e-06	-8.841265e-05	-1.145548e-07	-1.982267e-04	-1.341769e-03	-2.591186e-04	 1.248517e-03	-4.010558e-02	-1.014437e-02	-8.410535e-03	-1.052112e-02	 6.051194e-04	 1.154276e-03	 5.818549e-03	 2.805976e-03	 5.858462e-03	 6.287055e-05	-6.147921e-05	-4.760194e-05	-5.667711e-05	 1.405236e-04	 8.208892e-04	-5.746765e-07	-1.657320e-07	-1.757456e-05	 2.101147e-03	 1.154875e-02	 2.824150e-04	 6.190977e-04	 6.798381e-05	-7.022146e-04	-3.258706e-05	-4.868096e-07	-8.342780e-05	 4.760380e-04	-9.560832e-01	
-6.545539e-06	 9.461952e-06	-2.956370e-05	-1.979504e-04	 6.685975e-05	-4.889558e-05	 2.078091e-05	-2.277203e-03	-7.275977e-02	-1.899598e-03	 3.233607e-02	-6.300010e-01	-3.393991e-02	 8.588815e-02	 1.517302e-01	-5.418303e-02	 1.094052e-02	-3.546922e-03	-1.407760e-02	 3.386293e-02	 3.798929e-04	-9.897454e-05	-1.087950e-03	-4.039447e-04	 1.610517e-03	 4.789313e-03	-6.019176e-06	-4.793725e-06	-4.928286e-05	 1.154875e-02	 9.352572e-02	 4.022595e-04	 4.441643e-03	-5.840970e-04	-6.039403e-03	-1.533309e-04	-2.793623e-06	-2.282402e-05	 1.409783e-03	-1.401201e+01	
 2.800726e-07	 4.448996e-06	 5.513530e-06	-1.717803e-04	-5.294365e-06	-7.480595e-05	 3.616423e-05	 2.732331e-04	 1.347413e-02	-1.221099e-03	 8.138843e-04	-3.149347e-02	-2.797527e-02	-4.311127e-02	-2.825692e-02	 2.404571e-03	-5.018428e-03	-2.015365e-03	-2.387373e-03	-1.089989e-02	 5.776116e-05	 2.436741e-05	 1.190934e-04	-3.522656e-05	-2.654269e-04	-1.104545e-04	-1.210200e-06	-2.752574e-07	-1.631000e-05	 2.824150e-04	 4.022595e-04	 2.318929e-03	 1.316050e-02	 1.413209e-04	 7.109097e-05	 1.610612e-05	 1.063113e-07	-6.706600e-05	-2.107422e-03	 1.720804e+00	
 2.731165e-06	 1.119282e-04	 2.503695e-04	-1.629705e-04	 4.864489e-05	-1.653546e-04	 9.336741e-04	-4.314752e-04	 1.790283e-01	-4.357526e-03	-2.335680e-03	 2.243006e-02	-3.494039e-02	-1.048544e-01	-1.797213e-01	-1.702337e-02	-2.004712e-02	-2.203159e-02	-5.077995e-02	-1.991734e-01	-1.162298e-04	 6.275909e-05	 1.318173e-04	-2.848101e-04	-1.198114e-03	-1.520321e-03	-6.682863e-06	-2.281633e-06	-4.310673e-05	 6.190977e-04	 4.441643e-03	 1.316050e-02	 1.300862e-01	-3.730284e-05	-9.385454e-04	 7.124907e-04	 1.118113e-06	 1.429222e-04	-5.409148e-02	-5.713248e+00	
-1.125958e-06	-3.553573e-06	-9.483328e-06	-1.610331e-04	-1.336791e-05	-6.578534e-05	-4.569467e-05	-4.715705e-04	 2.668601e-02	 4.550623e-04	 1.252375e-03	 1.140649e-02	-1.202354e-02	-7.122799e-03	-4.882405e-02	 3.948277e-03	-6.266239e-03	 2.330591e-03	 6.232344e-03	-7.079016e-03	 1.025697e-04	 2.399415e-05	-3.211151e-05	-9.753625e-06	 1.088230e-04	 1.146117e-04	-1.483890e-06	 1.129107e-06	-1.192408e-05	 6.798381e-05	-5.840970e-04	 1.413209e-04	-3.730284e-05	 2.596195e-03	 1.587304e-02	-4.009410e-05	-5.030173e-07	-7.224307e-05	 2.565575e-03	-2.801219e+00	
-6.744156e-06	-5.511711e-05	-1.520931e-04	-2.623829e-04	-4.827808e-05	-2.521157e-05	-5.994371e-04	-2.267048e-03	 9.257751e-02	 4.361528e-03	-1.901489e-02	-2.678740e-02	-1.390316e-01	-6.752258e-02	-2.423191e-01	 2.384165e-02	-1.580525e-02	-2.375777e-03	-7.500618e-03	-4.971649e-02	 9.439432e-04	-2.736647e-04	-3.630171e-04	-1.237557e-03	 1.073776e-03	 1.449270e-03	-2.381330e-05	 1.397667e-05	-4.934045e-05	-7.022146e-04	-6.039403e-03	 7.109097e-05	-9.385454e-04	 1.587304e-02	 1.519664e-01	-4.585315e-04	-3.016076e-06	-1.810597e-04	 3.181563e-02	-1.272038e+01	
 1.479864e-06	 4.711681e-05	 1.764451e-04	 5.256106e-05	 9.924274e-05	-1.672866e-05	 4.940314e-04	-8.507087e-04	 5.605466e-03	 2.337428e-04	 3.475574e-03	-2.956309e-02	-8.934657e-04	 1.099700e-02	 4.609862e-03	-5.904798e-03	 2.918588e-03	 3.685430e-05	-3.085265e-04	-9.040651e-03	-3.192655e-05	-4.546013e-05	-1.640868e-04	 7.850103e-05	-1.884980e-04	-2.906216e-04	-5.875231e-08	 3.080492e-07	 2.920519e-07	-3.258706e-05	-1.533309e-04	 1.610612e-05	 7.124907e-04	-4.009410e-05	-4.585315e-04	 5.317433e-04	 6.755209e-07	 1.193963e-04	-2.569845e-02	-6.780446e+00	
 1.299730e-08	 5.796423e-08	 2.277902e-07	 1.285183e-07	 1.841737e-07	 3.588935e-08	 7.020662e-07	 4.333823e-06	 2.191299e-05	 2.273376e-07	 1.946473e-05	-1.608238e-04	-3.282344e-05	 4.331415e-05	-6.556106e-06	-2.032048e-05	 7.806157e-06	-6.531008e-06	-1.479822e-05	-4.966888e-05	-1.151206e-07	-2.835382e-08	-1.296590e-07	-7.811522e-09	-4.241916e-07	-9.122875e-07	 6.829546e-10	 7.774078e-10	-1.180640e-08	-4.868096e-07	-2.793623e-06	 1.063113e-07	 1.118113e-06	-5.030173e-07	-3.016076e-06	 6.755209e-07	 5.870093e-09	 1.384520e-07	-3.955023e-05	 2.601257e-02	
 2.967392e-07	 1.628036e-05	 3.893626e-05	 8.436793e-05	 2.975900e-05	 2.615870e-05	 1.439093e-04	-1.943599e-04	 9.684070e-04	 1.798566e-04	 1.408261e-03	-2.784087e-02	-1.428559e-03	 7.241048e-03	 3.037904e-03	-2.864949e-03	-1.491484e-04	-1.445352e-03	-1.029552e-03	-2.939063e-03	-2.321811e-05	-1.598750e-05	-9.157729e-05	 2.261323e-05	-1.184950e-05	-1.648056e-04	-9.872936e-08	 2.725146e-08	 1.684086e-06	-8.342780e-05	-2.282402e-05	-6.706600e-05	 1.429222e-04	-7.224307e-05	-1.810597e-04	 1.193963e-04	 1.384520e-07	 7.266507e-05	-7.893432e-03	-1.655765e+00	
-8.712374e-05	-3.365796e-03	-8.416432e-03	-1.976035e-03	-5.074089e-03	 1.718204e-03	-3.067847e-02	 2.375889e-02	-6.529816e-01	-6.667826e-03	-2.167804e-01	 9.299031e-01	 2.376795e-02	-4.530263e-01	 3.357849e-01	 2.552401e-01	-4.674018e-02	-5.420124e-02	-2.668162e-02	 5.833403e-01	 2.144593e-03	 3.695973e-03	 1.321492e-02	-5.116869e-03	 5.713992e-03	 1.529695e-02	 5.701168e-06	-2.841774e-05	 2.904515e-04	 4.760380e-04	 1.409783e-03	-2.107422e-03	-5.409148e-02	 2.565575e-03	 3.181563e-02	-2.569845e-02	-3.955023e-05	-7.893432e-03	 1.666692e+00	 2.273064e+02	
 5.800711e-02	-4.580177e-01	-2.351956e+00	-1.240039e+00	-3.375965e-01	 2.909080e-01	-4.059046e+00	 7.744772e+01	 2.364839e+01	 2.382233e+00	 2.722481e+01	 3.736020e+02	-1.974013e+02	-6.740812e+01	-3.250063e+02	 1.045225e+02	-6.577324e+01	-1.832651e+01	-7.631608e+00	 1.404317e+01	-2.483037e-01	 3.217338e-01	 5.724240e+00	-1.265268e+00	 4.409572e+00	 9.013707e+00	 5.794412e-03	 1.209590e-02	-1.845134e-01	-9.560832e-01	-1.401201e+01	 1.720804e+00	-5.713248e+00	-2.801219e+00	-1.272038e+01	-6.780446e+00	 2.601257e-02	-1.655765e+00	 2.273064e+02	 5.216868e+05	
